1.880420
1.964209
2.072974
2.123730
2.292114
2.267944
2.487891
2.513672
2.674805
2.680444
2.881055
2.926172
3.055078
3.171094
3.209766
3.299194
3.299194
3.299194
3.299194
3.299194
3.299194
3.299194
3.299194
3.299194
3.299194
3.299194
3.299194
3.299194
3.299194
3.299194
3.299194
3.299194
3.299194
3.299194
3.299194
3.299194
3.299194
3.299194
3.299194
3.299194
3.299194
3.299194
3.299194
3.299194
3.299194
3.299194
3.299194
3.299194
3.299194
3.299194
3.299194
3.299194
3.299194
3.299194
3.299194
3.299194
3.299194
3.299194
3.299194
3.299194
3.299194
3.299194
3.299194
3.299194
3.299194
3.299194
3.299194
3.299194
3.299194
3.119531
2.997070
2.732812
2.548315
2.317090
2.081030
1.897339
1.650000
1.579102
1.437305
1.291479
1.149683
1.085229
0.946655
0.827417
0.758936
0.580078
0.574438
0.453589
0.410083
0.397998
0.295679
0.293262
0.185303
0.148242
0.158716
0.161133
0.122461
0.099097
0.070093
0.100708
0.000806
0.023364
0.058813
0.045117
0.008057
0.042700
0.045923
0.000000
0.053174
0.007251
0.000000
0.049951
0.049146
0.045117
0.061230
0.070093
0.066064
0.020142
0.068481
0.087012
0.038672
0.041089
0.061230
0.105542
0.110376
0.085400
0.111182
0.113599
0.103931
0.164355
0.147437
0.116821
0.132129
0.156299
0.199805
0.153882
0.159521
0.191748
0.199805
0.274731
0.272314
0.295679
0.245728
0.263452
0.322266
0.291650
0.350464
0.356104
0.374634
0.395581
0.393164
0.461646
0.492261
0.454395
0.510791
0.592969
0.580884
0.707373
0.692871
0.810498
0.800830
0.875757
0.953101
1.024805
1.108594
1.122290
1.192383
1.214136
1.394604
1.405078
1.541235
1.579907
1.572656
1.527539
1.466309
1.276172
1.225415
0.953101
0.961157
0.849170
0.814526
0.765381
0.777466
0.748462
0.799219
0.838696
0.876562
0.888647
0.864478
0.875757
0.915234
0.953906
0.953906
1.055420
1.118262
1.138403
1.208496
1.310815
1.301147
1.347876
1.437305
1.438110
1.517871
1.611328
1.716870
1.715259
1.862695
1.920703
1.992407
2.107617
2.075391
2.197852
2.223633
2.338037
2.370264
2.484668
2.636133
2.694141
2.758594
2.868164
2.915698
3.036548
3.087305
3.177539
3.280664
3.299194
3.299194
3.299194
3.299194
3.299194
3.299194
3.299194
3.299194
3.299194
3.299194
3.299194
3.299194
3.299194
3.299194
3.299194
3.299194
3.299194
3.299194
3.299194
3.299194
3.299194
3.299194
3.299194
3.299194
3.299194
3.299194
3.299194
3.299194
3.299194
3.299194
3.299194
3.299194
3.299194
3.299194
3.299194
3.299194
3.299194
3.299194
3.299194
3.299194
3.299194
3.299194
3.229907
3.119531
2.926172
2.836743
2.755371
2.623242
2.494336
2.317090
2.275195
2.126953
2.107617
2.039136
1.888477
1.855444
1.714453
1.675781
1.598438
1.547681
1.516260
1.477588
1.392188
1.367212
1.311621
1.325317
1.339819
1.304370
1.261670
1.235889
1.238306
1.214136
1.243945
1.276978
1.291479
1.250391
1.265698
1.315649
1.353516
1.397827
1.399438
1.433276
1.444556
1.495312
1.484839
1.556543
1.613745
1.615356
1.689478
1.727344
1.727344
1.843359
1.844165
1.910229
1.958569
1.966626
2.050415
2.114868
2.116479
2.204297
2.255859
2.346094
2.355762
2.436328
2.437134
2.551538
2.623242
2.706226
2.744897
2.803711
2.887500
2.958398
3.013184
3.083276
3.145312
3.158203
3.183984
3.293555
3.299194
3.299194
3.299194
3.299194
3.299194
3.299194
3.299194
3.299194
3.299194
3.299194
3.299194
3.299194
3.299194
3.299194
3.299194
3.299194
3.299194
3.299194
3.299194
3.299194
3.299194
3.183984
3.113086
3.061523
2.944702
2.913281
2.804517
2.756982
2.591821
2.527368
2.449219
2.351733
2.242969
2.088281
1.978711
1.801465
1.811133
1.612134
1.521094
1.349487
1.256836
1.162573
1.066699
0.986133
0.899121
0.845142
0.668701
0.657422
0.574438
0.539795
0.489844
0.416528
0.370605
0.361743
0.355298
0.263452
0.273120
0.171606
0.215918
0.135352
0.163550
0.116821
0.092651
0.091040
0.095068
0.108765
0.036255
0.103931
0.083789
0.052368
0.078149
0.071704
0.084595
0.082178
0.109570
0.029810
0.014502
0.099097
0.092651
0.103125
0.089429
0.067676
0.112793
0.122461
0.089429
0.076538
0.138574
0.149854
0.161938
0.116821
0.117627
0.145020
0.178052
0.191748
0.200610
0.150659
0.157910
0.219141
0.170801
0.226392
0.165161
0.170801
0.234448
0.211084
0.248950
0.254590
0.278760
0.286816
0.244922
0.299707
0.313403
0.278760
0.290845
0.340796
0.367383
0.388330
0.357715
0.418945
0.427808
0.455200
0.507568
0.574438
0.599414
0.736377
0.812915
0.990967
1.127930
1.469531
1.626636
1.743457
1.655640
1.463086
1.095703
1.076367
0.889453
0.883008
0.719458
0.668701
0.585718
0.551880
0.447949
0.488232
0.458423
0.441504
0.427808
0.384302
0.273926
0.248950
0.198999
0.212695
0.178052
0.165161
0.127295
0.125684
0.088623
0.092651
0.074121
0.006445
0.038672
0.044312
0.028198
0.024170
0.000000
0.046729
0.045923
0.000000
0.007251
0.000000
0.000000
0.055591
0.058008
0.051563
0.051563
0.079761
0.076538
0.053979
0.064453
0.104736
0.085400
0.118433
0.085400
0.074121
0.070898
0.135352
0.132129
0.153882
0.123267
0.136157
0.167578
0.132129
0.157104
0.199805
0.208667
0.187720
0.165161
0.189331
0.236865
0.248145
0.234448
0.261841
0.299707
0.277954
0.270703
0.263452
0.321460
0.316626
0.340796
0.360937
0.322266
0.324683
0.389136
0.346436
0.435864
0.388330
0.486621
0.496289
0.535767
0.586523
0.516431
0.612305
0.651782
0.668701
0.698511
0.702539
0.841113
0.890259
1.038501
1.105371
1.276172
1.341431
1.301147
1.265698
1.273755
1.148071
1.024805
0.908789
0.870117
0.849976
0.816138
0.731543
0.748462
0.721069
0.721875
0.729126
0.758130
0.682397
0.780688
0.770215
0.787134
0.825000
0.808887
0.888647
0.900732
0.916040
0.999829
0.988550
1.091675
1.160962
1.225415
1.231055
1.250391
1.269727
1.405078
1.359961
1.496118
1.566211
1.600854
1.699146
1.768433
1.835303
1.824023
1.978711
1.968237
2.107617
2.145483
2.237329
2.266333
2.326758
2.371875
2.452441
2.584570
2.661914
2.777930
2.823853
2.964844
3.048633
3.113086
3.261328
3.299194
3.299194
3.299194
3.299194
3.299194
3.299194
3.299194
3.299194
3.299194
3.299194
3.299194
3.299194
3.299194
3.299194
3.299194
3.299194
3.299194
3.299194
3.299194
3.299194
3.299194
3.299194
3.299194
3.299194
3.299194
3.299194
3.299194
3.299194
3.299194
3.299194
3.299194
3.299194
3.299194
3.299194
3.299194
3.299194
3.299194
3.299194
3.299194
3.299194
3.299194
3.299194
3.299194
3.299194
3.299194
3.299194
3.299194
3.299194
3.299194
3.299194
3.299194
3.299194
3.299194
3.299194
3.299194
3.116309
3.022852
2.861719
2.761011
2.732812
2.577319
2.616797
2.423438
2.423438
2.335620
2.339648
2.300977
2.210742
2.201880
2.226050
2.236523
2.184961
2.217188
2.204297
2.204297
2.226855
2.320313
2.282446
2.338037
2.365430
2.455664
2.475000
2.551538
2.565234
2.694946
2.704614
2.748120
2.874609
2.893140
3.019629
3.047827
3.125171
3.219434
3.299194
3.299194
3.299194
3.299194
3.299194
3.299194
3.299194
3.299194
3.299194
3.299194
3.299194
3.299194
3.299194
3.299194
3.299194
3.299194
3.299194
3.299194
3.299194
3.299194
3.299194
3.299194
3.299194
3.299194
3.299194
3.299194
3.299194
3.299194
3.299194
3.299194
3.299194
3.299194
3.299194
3.299194
3.299194
3.299194
3.299194
3.299194
3.299194
3.299194
3.299194
3.299194
3.299194
3.299194
3.299194
3.299194
3.299194
3.299194
3.299194
3.299194
3.299194
3.299194
3.299194
3.299194
3.299194
3.299194
3.299194
3.293555
3.293555
3.132422
3.015601
2.948730
2.765039
2.733618
2.552344
2.545898
2.314673
2.265527
2.098755
2.010937
1.927148
1.740234
1.701562
1.625024
1.591992
1.327734
1.339819
1.177075
1.057837
0.947461
0.797607
0.799219
0.685620
0.640503
0.499512
0.499512
0.400415
0.276343
0.312598
0.277148
0.194165
0.176440
0.139380
0.135352
0.145825
0.130518
0.096680
0.098291
0.049951
0.071704
0.081372
0.071704
0.073315
0.063647
0.028198
0.022559
0.021753
0.082983
0.059619
0.040283
0.103125
0.095874
0.103125
0.045923
0.118433
0.034644
0.132129
0.136963
0.145020
0.112793
0.141797
0.146631
0.140186
0.145825
0.178857
0.221558
0.227197
0.257007
0.270703
0.238477
0.299707
0.312598
0.314209
0.299707
0.386719
0.377051
0.385107
0.397998
0.416528
0.495483
0.509180
0.468896
0.554297
0.582495
0.617944
0.630835
0.605859
0.666284
0.754102
0.870117
0.978882
1.115039
1.397021
1.488867
1.907007
2.236523
3.299194
3.299194
3.299194
3.299194
3.261328
2.367847
2.180933
1.609717
1.527539
1.211719
0.890259
0.957935
0.917651
0.878174
0.783105
0.738794
0.690454
0.645337
0.595386
0.547046
0.464063
0.627612
0.571216
0.641309
0.637280
0.605859
0.681592
0.685620
0.746851
0.786328
0.850781
0.909595
0.967603
1.015137
1.038501
1.140820
1.210107
1.269727
1.313232
1.424414
1.412329
1.560571
1.553320
1.669336
1.715259
1.763599
1.849805
1.965820
2.052026
2.126953
2.252637
2.230078
2.394434
2.494336
2.590210
2.707031
2.783569
2.861719
2.887500
3.026074
3.164648
3.248437
3.299194
3.299194
3.299194
3.299194
3.299194
3.299194
3.299194
3.299194
3.299194
3.299194
3.299194
3.299194
3.299194
3.299194
3.299194
3.299194
3.299194
3.299194
3.299194
3.299194
3.299194
3.299194
3.299194
3.299194
3.299194
3.299194
3.299194
3.299194
3.299194
3.299194
3.299194
3.299194
3.299194
3.299194
3.299194
3.299194
3.299194
3.299194
3.299194
3.299194
3.299194
3.299194
3.299194
3.299194
3.299194
3.299194
3.299194
3.299194
3.299194
3.299194
3.299194
3.299194
3.299194
3.171094
3.067969
2.945508
2.835132
2.771484
2.597461
2.475000
2.318701
2.245386
2.024634
1.968237
1.907813
1.752319
1.701562
1.502563
1.463086
1.269727
1.167407
1.056226
0.940210
0.907178
0.734766
0.754102
0.638086
0.602637
0.528516
0.482593
0.351270
0.326294
0.301318
0.251367
0.208667
0.145020
0.198999
0.124878
0.151465
0.105542
0.103125
0.095874
0.104736
0.115210
0.051563
0.099097
0.069287
0.099097
0.090234
0.074121
0.063647
0.124072
0.117627
0.091846
0.071704
0.067676
0.108765
0.141797
0.103125
0.115210
0.184497
0.164355
0.161938
0.161133
0.161133
0.170801
0.265063
0.181274
0.244116
0.254590
0.207056
0.260229
0.286816
0.304541
0.273926
0.265063
0.335962
0.277954
0.366577
0.348853
0.360132
0.341602
0.406055
0.430225
0.423779
0.409277
0.450366
0.456006
0.435059
0.482593
0.578467
0.580078
0.562354
0.609888
0.593774
0.567188
0.698511
0.712207
0.762964
0.806470
0.860449
0.908789
0.895898
0.944238
1.024805
1.127930
1.256030
1.301953
1.278589
1.178687
1.024805
0.844336
0.663867
0.485815
0.356909
0.306152
0.292456
0.275537
0.219946
0.194971
0.174829
0.166772
0.185303
0.165161
0.137769
0.131323
0.094263
0.059619
0.058813
0.000000
0.041895
0.000000
0.000000
0.000000
0.000000
0.006445
0.000000
0.000000
0.037061
0.033032
0.000000
0.016919
0.046729
0.026587
0.000000
0.000000
0.040283
0.000000
0.051563
0.058008
0.005640
0.000000
0.071704
0.028198
0.029004
0.081372
0.116016
0.100708
0.061230
0.111987
0.113599
0.113599
0.138574
0.074927
0.151465
0.127295
0.145020
0.191748
0.156299
0.186914
0.174829
0.237671
0.196582
0.205444
0.210278
0.274731
0.326294
0.318237
0.305347
0.334351
0.324683
0.315015
0.377856
0.386719
0.438281
0.502734
0.484204
0.530127
0.470508
0.594580
0.550269
0.611499
0.688843
0.711401
0.745239
0.792773
0.786328
0.846753
1.016748
1.064282
1.288257
1.424414
1.688672
1.772461
1.701562
1.613745
1.473560
1.160962
1.024805
0.858032
0.857227
0.808081
0.778271
0.670313
0.631641
0.591357
0.600220
0.543823
0.547852
0.567188
0.541406
0.503540
0.555103
0.525293
0.559937
0.530127
0.557520
0.601025
0.542212
0.645337
0.635669
0.671118
0.702539
0.683203
0.728320
0.766992
0.780688
0.772632
0.825000
0.799219
0.844336
0.838696
0.898315
0.877368
0.921680
0.973242
0.957129
1.005469
1.054614
1.022388
1.109399
1.105371
1.166602
1.123901
1.231860
1.258447
1.257642
1.334180
1.289868
1.397021
1.349487
1.442944
1.434082
1.516260
1.538818
1.541235
1.585547
1.620996
1.624219
1.650000
1.698340
1.712842
1.792603
1.791797
1.843359
1.945679
1.923120
2.032690
1.979517
2.052026
2.062500
2.107617
2.049609
2.121313
2.126147
2.126953
2.097949
2.107617
2.029468
2.056055
2.121313
2.159180
2.192212
2.223633
2.174487
2.097949
1.987573
1.875586
1.817578
1.595215
1.442944
1.392188
1.268921
1.224609
1.107788
1.064282
1.024805
0.995801
0.917651
0.903149
0.888647
0.858032
0.831445
0.834668
0.841919
0.774243
0.752490
0.655811
0.612305
0.547046
0.501123
0.451172
0.386719
0.391553
0.377051
0.334351
0.209473
0.221558
0.188525
0.189331
0.187720
0.144214
0.151465
0.081372
0.109570
0.102319
0.059619
0.107153
0.039478
0.045923
0.024976
0.079761
0.055591
0.000000
0.030615
0.012085
0.018530
0.000000
0.018530
0.000000
0.000000
0.000000
0.013696
0.000000
0.000000
0.000000
0.000000
0.011279
0.000000
0.000000
0.033838
0.025781
0.018530
0.000000
0.000000
0.020947
0.034644
0.000000
0.000000
0.000000
0.000000
0.039478
0.042700
0.059619
0.077344
0.028198
0.034644
0.020947
0.032227
0.087012
0.055591
0.096680
0.056396
0.074927
0.058008
0.109570
0.075732
0.151465
0.154687
0.151465
0.145825
0.157910
0.134546
0.152271
0.205444
0.228003
0.239282
0.232031
0.286816
0.307764
0.340796
0.365771
0.457617
0.438281
0.514819
0.642114
0.669507
0.752490
0.837891
0.943433
0.932153
0.858032
0.833862
0.734766
0.673535
0.685620
0.686426
0.721069
0.583301
0.532544
0.393970
0.293262
0.238477
0.170801
0.062842
0.000000
0.000000
0.000000
0.000000
0.016919
0.018530
0.023364
0.000000
0.000000
0.015308
0.000000
0.000000
0.000000
0.026587
0.016113
0.028198
0.000000
0.000000
0.000000
0.000000
0.010474
0.020142
0.000000
0.000000
0.014502
0.028198
0.000000
0.000000
0.010474
0.000000
0.000000
0.029004
0.013696
0.033838
0.000000
0.037866
0.000000
0.052368
0.049951
0.054785
0.000000
0.032227
0.024170
0.031421
0.066870
0.048340
0.087012
0.090234
0.099097
0.082983
0.054785
0.116016
0.165967
0.158716
0.175635
0.128101
0.128906
0.198193
0.167578
0.238477
0.228809
0.186914
0.193359
0.211084
0.221558
0.232837
0.236060
0.248145
0.301318
0.291650
0.370605
0.422168
0.440698
0.516431
0.502734
0.609082
0.585718
0.698511
0.734766
0.762158
0.791968
0.761353
0.792773
0.795190
0.854004
0.899121
1.067505
1.227026
1.287451
1.210107
1.088452
0.854004
0.761353
0.621167
0.538184
0.484204
0.315820
0.369800
0.334351
0.295679
0.256201
0.216724
0.200610
0.187720
0.143408
0.168384
0.125684
0.061230
0.039478
0.000000
0.019336
0.000000
0.055591
0.061230
0.070898
0.038672
0.002417
0.022559
0.036255
0.008862
0.016113
0.016113
0.037866
0.000000
0.046729
0.000000
0.000000
0.039478
0.050757
0.000000
0.013696
0.000000
0.052368
0.023364
0.041089
0.020947
0.016919
0.049146
0.067676
0.036255
0.091040
0.082178
0.084595
0.066064
0.086206
0.046729
0.069287
0.102319
0.102319
0.141797
0.050757
0.116821
0.061230
0.131323
0.066064
0.137769
0.143408
0.097485
0.141797
0.115210
0.102319
0.118433
0.149048
0.116016
0.169189
0.123267
0.129712
0.152271
0.161133
0.174829
0.130518
0.172412
0.168384
0.201416
0.203833
0.170801
0.214307
0.257007
0.284399
0.329517
0.418945
0.449561
0.453589
0.421362
0.439087
0.410083
0.463257
0.487427
0.416528
0.487427
0.489844
0.418945
0.470508
0.416528
0.490649
0.446338
0.439087
0.452783
0.448755
0.488232
0.464868
0.458423
0.524487
0.540601
0.520459
0.451978
